        6763967457
        7250504634
        6379512867
        8346968641
        7398832847
        6696855776
        7495438431
        6123523083
        8135374494
        8150777649
        7306947774
        6915535892
        8983287293
        6884741053
        8969119047
        704900931
        8393670493
        6868653659
        8527989936
        6542733513
        6511631498
        703710331
        7537445804
        8733038367
        8161493244
        6148720652
        8787610559
        6394521703
        7476906050
        633214118
        859950165
        7112293634
        6682217329
        7617149010
        7958946811
        6585595965
        6952689761
        8128402351
        7195806462
        6374532654
        6762809689
        662273964
        6521371677
        6372900318
        6720525363
        7931941128
        642744067
        6748145412
        8911470783
        8623135351
        8146540704
        7948339054
        7985347576
        6821839105
        7627525477
        8836777248
        739785567
        8276208208
        8655263068
        6220875062
        8135645719
        6252449557
        6549400976
        8206087200
        636786423
        7512838557
        6885566696
        6885221280
        7531720350
        7627731728
        8155795395
        817599366
        7329331212
        8270933851
        7695821347
        8201999716
        7210344430
        8359472248
        6860234488
        8222062606
        7542342563
        6165326091
        6464390480
        7106615126
        8922299963
        7478995601
        891130390
        6740722298
        836547827
        8920385031
        8710125337
        6348655780
        6779451449
        7457200829
        7150265198
        6295054601
        6225004371
        7178285541
        7878976634
        